0 0.2689180737961226 0.3145833333333333 0.14759224515322075 0.17083333333333334
1 0.3242651657285804 0.5404166666666667 0.15947467166979362 0.20416666666666666
2 0.4265165728580363 0.315 0.14884302689180737 0.17666666666666667
3 0.8461538461538461 0.48583333333333334 0.15884928080050031 0.205
4 0.5737961225766104 0.29083333333333333 0.14446529080675422 0.18
5 0.5193871169480926 0.5033333333333333 0.15447154471544716 0.19333333333333333
6 0.6751094434021263 0.49666666666666665 0.15572232645403378 0.19833333333333333
7 0.24702939337085678 0.7445833333333334 0.17510944340212634 0.23083333333333333
8 0.6200750469043153 0.8291666666666667 0.17073170731707318 0.23833333333333334
9 0.43964978111319575 0.7329166666666667 0.16760475297060662 0.22416666666666665
10 0.7817385866166354 0.70875 0.1651031894934334 0.2225