0 0.58125 0.23291666666666666 0.1425 0.15583333333333332
1 0.390625 0.24916666666666668 0.1675 0.17166666666666666
2 0.231875 0.47125 0.21375 0.23916666666666667
3 0.77625 0.36541666666666667 0.13375 0.1725
4 0.181875 0.26166666666666666 0.20125 0.215
5 0.2459375 0.8020833333333334 0.256875 0.32916666666666666
6 0.640625 0.38458333333333333 0.145 0.17583333333333334
7 0.4715625 0.4216666666666667 0.175625 0.19666666666666666
8 0.6728125 0.7183333333333334 0.178125 0.25166666666666665
9 0.4584375 0.6541666666666667 0.196875 0.26166666666666666
10 0.7821875 0.5679166666666666 0.148125 0.20416666666666666