0 0.2559375 0.39458333333333334 0.158125 0.1825
1 0.3 0.6520833333333333 0.17125 0.21416666666666667
2 0.42125 0.41333333333333333 0.155 0.18666666666666668
3 0.478125 0.6395833333333333 0.16625 0.21083333333333334
4 0.5753125 0.41041666666666665 0.151875 0.1875
5 0.64875 0.6433333333333333 0.1625 0.21166666666666667
6 0.8353125 0.6333333333333333 0.165625 0.21333333333333335
7 0.1990625 0.8470833333333333 0.189375 0.2425
8 0.3715625 0.8791666666666667 0.176875 0.23666666666666666
9 0.54375 0.8720833333333333 0.1725 0.2425
10 0.7596875 0.8770833333333333 0.174375 0.2425