0 0.7056803995006242 0.2375 0.17540574282147317 0.225
1 0.47846441947565543 0.2075 0.17915106117353308 0.22666666666666666
2 0.25593008739076156 0.41125 0.1947565543071161 0.2475
3 0.8991885143570537 0.47583333333333333 0.17790262172284643 0.24166666666666667
4 0.2624843945068664 0.1875 0.19288389513108614 0.24166666666666667
5 0.1956928838951311 0.71125 0.20536828963795256 0.2708333333333333
6 0.7050561797752809 0.4454166666666667 0.18039950062421972 0.2375
7 0.499063670411985 0.43125 0.18414481897627966 0.23416666666666666
8 0.5939450686641697 0.8104166666666667 0.19288389513108614 0.2675
9 0.40418227215980024 0.6625 0.19662921348314608 0.26166666666666666
10 0.7899500624219725 0.7125 0.18164794007490637 0.25833333333333336